2440724
2440725
2440726
2440727
2440728
2440729
2440730
2440731
2440732
2440733
2440734
2440735
2440736
2440737
2440738
2440739
2440740
2440741
2440742
2440743
2440744
2440745
2440746
2440747
2440748
2440749
2440750
2440751
2440752
2440753
2440754
2440755
2440756
2440757
2440758
2440759
2440760
2440761
2440762
2440763
2440764
2440765
2440766
2440767
2440768
2440769
2440770
2440771
2440772
2440773
2440774
2440775
2440776
2440777
2440778
2440779
2440780
2440781
2440782
2440783
2440784
2440785
2440786
2440787
2440788
2440789
2440790
2440791
2440792
2440793
2440794
2440795
2440796
2440797
2440798
2440799
2440800
2440801
2440802
2440803
2440804
2440805
2440806
2440807
2440808
2440809
2440810
2440811
2440812
2440813
2440814
2440815
2440816
2440817
2440818
2440819
2440820
2440821
2440822
2440823
2440824
2440825
2440826
2440827
2440828
2440829
2440830
2440831
2440832
2440833
2440834
2440835
2440836
2440837
2440838
2440839
2440840
2440841
2440842
2440843
2440844
2440845
2440846
2440847
2440848
2440849
2440850
2440851
2440852
2440853
2440854
2440855
2440856
2440857
2440858
2440859
2440860
2440861
2440862
2440863
2440864
2440865
2440866
2440867
2440868
2440869
2440870
2440871
2440872
2440873
2440874
2440875
2440876
2440877
2440878
2440879
2440880
2440881
2440882
2440883
2440884
2440885
2440886
2440887
2440888
2440889
2440890
2440891
2440892
2440893
2440894
2440895
2440896
2440897
2440898
2440899
2440900
2440901
2440902
2440903
2440904
2440905
2440906
2440907
2440908
2440909
2440910
2440911
2440912
2440913
2440914
2440915
2440916
2440917
2440918
2440919
2440920
2440921
2440922
2440923
2440924
2440925
2440926
2440927
2440928
2440929
2440930
2440931
2440932
2440933
2440934
2440935
2440936
2440937
2440938
2440939
2440940
2440941
2440942
2440943
2440944
2440945
2440946
2440947
2440948
2440949
2440950
2440951
2440952
2440953
2440954
2440955
2440956
2440957
2440958
2440959
2440960
2440961
2440962
2440963
2440964
2440965
2440966
2440967
2440968
2440969
2440970
2440971
2440972
2440973
2440974
2440975
2440976
2440977
2440978
2440979
2440980
2440981
2440982
2440983
2440984
2440985
2440986
2440987
2440988
2440989
2440990
2440991
2440992
2440993
2440994
2440995
2440996
2440997
2440998
2440999
2441000
2441001
2441002
2441003
2441004
2441005
2441006
2441007
2441008
2441009
2441010
2441011
2441012
2441013
2441014
2441015
2441016
2441017
2441018
2441019
2441020
2441021
2441022
2441023
2441024
2441025
2441026
2441027
2441028
2441029
2441030
2441031
2441032
2441033
2441034
2441035
2441036
2441037
2441038
2441039
2441040
2441041
2441042
2441043
2441044
2441045
2441046
2441047
2441048
2441049
2441050
2441051
2441052
2441053
2441054
2441055
2441056
2441057
2441058
2441059
2441060
2441061
2441062
2441063
2441064
2441065
2441066
2441067
2441068
2441069
2441070
2441071
2441072
2441073
2441074
2441075
2441076
2441077
2441078
2441079
2441080
2441081
2441082
2441083
2441084
2441085
2441086
2441087
2441088
2441089
2441090
2441091
2441092
2441093
2441094
2441095
2441096
2441097
2441098
2441099
2441100
2441101
2441102
2441103
2441104
2441105
2441106
2441107
2441108
2441109
2441110
2441111
2441112
2441113
2441114
2441115
2441116
2441117
2441118
2441119
2441120
2441121
2441122
2441123
2441124
2441125
2441126
2441127
2441128
2441129
2441130
2441131
2441132
2441133
2441134
2441135
2441136
2441137
2441138
2441139
2441140
2441141
2441142
2441143
2441144
2441145
2441146
2441147
2441148
2441149
2441150
2441151
2441152
2441153
2441154
2441155
2441156
2441157
2441158
2441159
2441160
2441161
2441162
2441163
2441164
2441165
2441166
2441167
2441168
2441169
2441170
2441171
2441172
2441173
2441174
2441175
2441176
2441177
2441178
2441179
2441180
2441181
2441182
2441183
2441184
2441185
2441186
2441187
2441188
2441189
2441190
2441191
2441192
2441193
2441194
2441195
2441196
2441197
2441198
2441199
2441200
2441201
2441202
2441203
2441204
2441205
2441206
2441207
2441208
2441209
2441210
2441211
2441212
2441213
2441214
2441215
2441216
2441217
2441218
2441219
2441220
2441221
2441222
2441223
2441224
2441225
2441226
2441227
2441228
2441229
2441230
2441231
2441232
2441233
2441234
2441235
2441236
2441237
2441238
2441239
2441240
2441241
2441242
2441243
2441244
2441245
2441246
2441247
2441248
2441249
2441250
2441251
2441252
2441253
2441254
2441255
2441256
2441257
2441258
2441259
2441260
2441261
2441262
2441263
2441264
2441265
2441266
2441267
2441268
2441269
2441270
2441271
2441272
2441273
2441274
2441275
2441276
2441277
2441278
2441279
2441280
2441281
2441282
2441283
2441284
2441285
2441286
2441287
2441288
2441289
2441290
2441291
2441292
2441293
2441294
2441295
2441296
2441297
2441298
2441299
2441300
2441301
2441302
2441303
2441304
2441305
2441306
2441307
2441308
2441309
2441310
2441311
2441312
2441313
2441314
2441315
2441316
2441317
2441318
2441319
2441320
2441321
2441322
2441323
2441324
2441325
2441326
2441327
2441328
2441329
2441330
2441331
2441332
2441333
2441334
2441335
2441336
2441337
2441338
2441339
2441340
2441341
2441342
2441343
2441344
2441345
2441346
2441347
2441348
2441349
2441350
2441351
2441352
2441353
2441354
2441355
2441356
2441357
2441358
2441359
2441360
2441361
2441362
2441363
2441364
2441365
2441366
2441367
2441368
2441369
2441370
2441371
2441372
2441373
2441374
2441375
2441376
2441377
2441378
2441379
2441380
2441381
2441382
2441383
2441384
2441385
2441386
2441387
2441388
2441389
2441390
2441391
2441392
2441393
2441394
2441395
2441396
2441397
2441398
2441399
2441400
2441401
2441402
2441403
2441404
2441405
2441406
2441407
2441408
2441409
2441410
2441411
2441412
2441413
2441414
2441415
2441416
2441417
2441418
2441419
2441420
2441421
2441422
2441423
2441424
2441425
2441426
2441427
2441428
2441429
2441430
2441431
2441432
2441433
2441434
2441435
2441436
2441437
2441438
2441439
2441440
2441441
2441442
2441443
2441444
2441445
2441446
2441447
2441448
2441449
2441450
2441451
2441452
2441453
2441454
2441455
2441456
2441457
2441458
2441459
2441460
2441461
2441462
2441463
2441464
2441465
2441466
2441467
2441468
2441469
2441470
2441471
2441472
2441473
2441474
2441475
2441476
2441477
2441478
2441479
2441480
2441481
2441482
2441483
2441484
2441485
2441486
2441487
2441488
2441489
2441490
2441491
2441492
2441493
2441494
2441495
2441496
2441497
2441498
2441499
2441500
2441501
2441502
2441503
2441504
2441505
2441506
2441507
2441508
2441509
2441510
2441511
2441512
2441513
2441514
2441515
2441516
2441517
2441518
2441519
2441520
2441521
2441522
2441523
2441524
2441525
2441526
2441527
2441528
2441529
2441530
2441531
2441532
2441533
2441534
2441535
2441536
2441537
2441538
2441539
2441540
2441541
2441542
2441543
2441544
2441545
2441546
2441547
2441548
2441549
2441550
2441551
2441552
2441553
2441554
2441555
2441556
2441557
2441558
2441559
2441560
2441561
2441562
2441563
2441564
2441565
2441566
2441567
2441568
2441569
2441570
2441571
2441572
2441573
2441574
2441575
2441576
2441577
2441578
2441579
2441580
2441581
2441582
2441583
2441584
2441585
2441586
2441587
2441588
2441589
2441590
2441591
2441592
2441593
2441594
2441595
2441596
2441597
2441598
2441599
2441600
2441601
2441602
2441603
2441604
2441605
2441606
2441607
2441608
2441609
2441610
2441611
2441612
2441613
2441614
2441615
2441616
2441617
2441618
2441619
2441620
2441621
2441622
2441623
2441624
2441625
2441626
2441627
2441628
2441629
2441630
2441631
2441632
2441633
2441634
2441635
2441636
2441637
2441638
2441639
2441640
2441641
2441642
2441643
2441644
2441645
2441646
2441647
2441648
2441649
2441650
2441651
2441652
2441653
2441654
2441655
2441656
2441657
2441658
2441659
2441660
2441661
2441662
2441663
2441664
2441665
2441666
2441667
2441668
2441669
2441670
2441671
2441672
2441673
2441674
2441675
2441676
2441677
2441678
2441679
2441680
2441681
2441682
2441683
2441684
2441685
2441686
2441687
2441688
2441689
2441690
2441691
2441692
2441693
2441694
2441695
2441696
2441697
2441698
2441699
2441700
2441701
2441702
2441703
2441704
2441705
2441706
2441707
2441708
2441709
2441710
2441711
2441712
2441713
2441714
2441715
2449536
2449537
2454057
2461331
2461332
2467977
2467978
2467979
2472402
2472403
2479494
2479495
2486091
2486092
2486093
2486094
2491731
2491732
2498768
2498769
2503856
2508391
2508392
2565840
2571768
2571769
2629608
2660764
2672875
2678770
2685795
2694623
2694624
2709262
2719151
2724286
2731513
2741884
2741885
2752943
2752944
2763236
2763237
2763238
2763239
2763240
2779256
2779257
2779258
2789886
2789887
2913635
2977722
2977723
2983443
2983444
3010080
3010081
3018565
3018566
3024561
3029232
3029233
3029234
3033091
3037760
3037761
3077728
3077729
3099111
3107460
3107461
3125926
3125927
3147455
3147456
3147457
3147458
3172488
3189576
3189577
3199885
3199886
3215342
3215343
3223945
3223946
3240411
3240412
3256613
3256614
3271036
3271037
3271038
3271039
3278665
3278666
3278667
3307447
3307448
3307449
3307450
3307451
3322889
3322890
3322891
3332947
3356921
3379701
3379702
3423988
3423989
3423990
3423991
3430023
3437011
3443559
3443560
3568448
3568449
3568450
3572521
3572522
3576749
3576750
3576751
3584817
3594239
3594240
3601817
3601818
3601819
3601820
3601821
3601822
3613306
3620828
3620829
3620830
3620831
3620832
3631226
3631227
3646082
3646083
3654137
3654138
3680334
3680335
3691159
3691160
3695992
3713753
3713754
3729633
3729634
3734611
3739656
3739657
3746671
3746672
3753973
3753974
3753975
3758401
3758402
3762802
3772997
3772998
3772999
3780874
3780875
3780876
3780877
3780878
3780879
3780880